50 6
392 427 926 45 727 809
535 765 402 136 630 980
74 180 133 331 714 839
536 302 213 856 794 871
821 743 847 139 511 45
191 26 896 389 307 132
923 920 272 19 899 958
495 527 83 168 987 742
713 176 973 182 474 181
129 479 139 752 15 520
948 914 787 802 637 875
166 921 755 726 491 116
639 695 101 890 838 530
814 665 231 704 39 300
895 699 304 651 39 327
819 63 638 835 272 179
969 63 206 107 578 934
641 321 222 59 938 394
266 837 121 998 94 621
990 1 598 760 687 867
771 449 654 62 188 811
134 320 948 765 168 415
36 766 459 368 501 932
760 668 479 393 768 196
462 754 353 616 255 180
779 62 895 799 842 527
564 438 66 683 184 913
126 398 661 7 519 161
896 65 882 852 297 733
830 374 560 778 269 911
755 954 607 933 570 254
728 714 145 62 342 776
863 678 721 498 908 356
931 293 288 381 382 34
315 989 569 165 608 299
8 958 459 475 46 476
108 721 193 225 187 425
364 52 750 904 453 928
826 646 145 186 560 555
420 135 890 408 889 53
493 691 1 623 420 720
48 801 1 324 347 410
507 81 885 232 139 372
607 668 191 437 731 616
112 916 949 757 211 299
275 119 282 513 958 270
546 420 916 803 927 17
834 149 782 812 294 60
126 915 468 675 923 594
113 625 11 641 497 965