100 10
78 95 29 96 24 68 65 86 4 71
68 66 25 78 95 40 51 40 72 1
7 99 24 98 33 55 63 72 17 32
21 60 56 88 42 18 69 25 12 67
74 29 98 53 81 92 56 100 100 2
47 15 18 50 66 77 38 32 76 71
13 46 71 40 100 61 24 29 75 58
93 20 39 16 38 56 45 7 17 9
58 26 71 65 96 18 39 26 14 16
44 32 80 71 20 15 13 68 35 97
17 76 34 16 15 8 9 67 74 70
29 19 72 34 46 50 78 93 77 3
24 28 77 19 3 44 93 78 42 47
89 28 81 31 72 78 46 53 52 46
69 31 14 81 90 1 1 96 91 27
99 19 1 33 40 45 59 67 32 69
24 74 54 87 69 19 61 39 80 58
81 62 4 48 14 34 63 25 54 31
91 61 56 32 59 14 58 86 55 6
11 59 46 39 11 90 9 45 44 88
77 91 6 78 2 46 14 34 66 7
42 57 96 52 20 90 72 44 99 6
27 30 22 3 37 10 93 72 22 34
3 54 4 77 66 49 15 89 44 78
76 91 96 58 43 49 27 6 96 24
70 92 68 69 21 95 64 98 23 65
36 72 91 24 88 79 38 9 59 15
67 67 86 52 9 17 78 50 84 85
21 4 6 91 63 33 100 89 45 63
99 54 13 91 90 30 78 50 64 1
36 24 88 46 54 19 59 48 75 60
5 65 81 78 5 74 85 87 82 11
48 1 33 68 4 17 89 29 84 58
57 22 17 82 89 18 46 57 29 20
45 24 93 44 18 96 35 69 64 100
33 42 14 35 68 4 33 27 69 79
63 30 28 54 33 5 1 43 8 31
89 56 51 40 67 43 42 11 40 46
92 33 32 82 1 74 15 8 20 8
68 33 40 87 64 86 80 32 24 38
75 58 33 19 58 66 84 90 62 30
48 34 55 36 97 53 50 47 100 55
31 29 31 21 1 39 72 93 41 70
42 23 62 83 80 34 69 87 80 27
54 70 38 87 88 78 24 93 8 50
42 35 80 81 80 76 59 32 14 1
54 55 41 81 67 6 92 77 92 68
76 60 2 22 50 30 62 73 84 43
38 37 14 84 19 31 29 48 79 62
83 7 44 75 87 99 96 56 52 28
91 27 3 55 58 14 63 75 44 16
20 5 2 2 43 13 49 3 43 45
95 57 10 8 34 3 37 79 88 50
51 72 22 95 72 36 100 54 74 86
4 2 70 27 55 7 33 84 77 49
46 96 40 12 68 79 99 66 50 92
16 62 52 95 57 29 56 14 34 87
73 45 53 90 87 40 57 94 28 69
54 12 7 62 52 9 5 55 56 93
59 42 11 64 56 16 83 54 90 24
60 65 87 18 10 93 49 1 70 62
50 21 64 52 22 22 9 1 88 46
75 53 64 1 2 50 91 26 58 16
50 30 42 88 81 76 8 93 57 62
65 52 68 64 98 31 69 32 13 14
94 7 86 98 82 3 66 37 23 90
7 96 93 1 51 46 11 71 55 28
52 50 81 40 5 80 33 1 39 84
67 71 87 69 6 92 77 1 63 74
71 8 86 85 39 45 3 61 39 47
26 62 33 96 77 53 70 23 9 15
55 15 89 23 16 72 80 84 54 29
43 89 44 32 3 38 11 19 56 56
24 83 82 18 74 71 44 43 50 18
16 47 82 12 79 11 92 24 60 43
77 63 57 27 77 23 43 30 45 79
33 57 59 59 17 34 70 81 14 50
64 21 71 60 56 22 39 57 1 27
50 60 95 54 52 78 81 28 29 3
60 76 12 90 79 73 18 79 13 79
1 34 37 90 34 32 33 27 46 52
80 46 7 99 39 88 39 85 57 48
21 46 66 36 94 13 46 14 20 38
52 63 80 91 85 30 66 29 25 46
88 55 80 37 91 58 86 64 88 62
56 68 36 60 25 83 28 54 67 36
48 43 85 69 77 21 50 80 63 70
11 99 72 69 36 47 93 29 49 28
63 17 5 31 57 26 45 2 83 12
99 31 83 80 96 9 85 49 25 98
89 86 77 36 13 18 89 99 88 82
52 75 29 40 98 5 34 25 10 66
52 69 42 76 71 90 29 62 47 12
86 19 42 33 97 93 72 79 87 1
92 17 57 36 73 2 51 86 84 92
34 94 42 93 72 4 88 44 59 91
16 24 98 90 36 8 64 71 99 8
4 41 97 5 99 7 25 82 63 51
22 32 17 97 70 68 10 50 9 61
83 67 80 70 89 45 2 89 80 64