10 100
46 7 72 85 15 97 17 21 82 99 38 93 91 71 14 19 4 61 8 3 68 73 20 62 45 34 66 35 15 24 9 53 99 69 17 62 45 94 15 77 56 28 13 66 73 10 22 90 95 48 85 62 44 41 52 87 9 23 64 16 91 70 37 28 11 21 86 47 57 24 100 99 25 42 62 13 11 97 46 3 51 83 72 2 99 38 4 88 48 9 58 93 67 98 84 21 52 49 19 22
42 25 28 29 48 99 16 24 18 19 50 89 61 22 67 10 56 90 9 31 45 46 61 65 22 65 100 28 83 72 62 62 34 20 26 59 16 52 88 93 77 47 54 55 97 88 74 94 17 71 96 89 52 48 63 64 43 97 1 57 87 91 55 93 48 96 40 29 82 60 15 77 89 47 54 8 17 88 72 14 86 82 74 55 24 93 98 3 79 31 26 75 37 97 43 53 15 14 63 73
31 62 95 62 56 58 7 75 56 76 49 87 98 13 86 12 55 99 5 64 61 62 45 22 31 20 21 4 28 9 3 12 39 18 11 27 84 93 22 5 93 10 90 64 59 98 37 14 23 74 90 77 16 81 23 64 7 57 41 84 76 15 99 55 25 67 31 48 26 9 54 76 51 32 74 41 11 13 27 9 10 98 36 64 87 32 13 17 96 43 62 40 84 67 99 23 76 23 83 67
17 12 42 66 87 53 86 69 80 39 58 92 44 70 51 27 43 50 28 21 23 95 94 26 9 21 73 73 44 97 50 56 80 28 48 35 27 8 59 82 40 13 11 55 57 6 85 15 92 61 21 31 65 89 20 93 37 61 86 22 14 76 67 88 58 35 77 89 28 84 15 51 81 93 84 29 52 13 29 84 28 20 41 65 81 50 50 38 30 31 39 78 51 84 31 20 60 40 17 64
92 37 53 43 95 33 10 11 63 92 1 83 37 89 73 85 81 77 21 40 41 34 16 30 22 38 70 16 97 9 70 39 63 97 22 79 52 20 81 55 62 75 5 71 69 41 54 30 51 13 98 1 51 23 60 8 11 61 35 17 39 18 23 22 7 5 39 62 22 14 51 1 94 24 91 79 84 94 88 49 66 96 41 69 24 78 70 60 83 8 20 74 40 2 1 33 92 36 88 71
2 39 84 51 40 33 55 37 78 81 78 6 28 48 34 46 12 38 78 42 9 66 6 32 69 22 32 98 31 35 63 80 37 52 10 49 74 55 61 97 51 64 18 11 69 96 5 10 1 53 70 37 70 36 25 75 31 59 11 12 71 14 58 1 15 27 48 37 20 53 29 12 59 55 42 22 29 85 1 13 63 96 30 70 65 69 88 26 14 63 70 10 71 78 88 75 94 70 20 47
68 82 1 24 91 65 38 46 74 12 58 99 23 7 84 99 74 74 47 52 98 67 9 50 40 56 37 53 98 67 37 20 34 70 96 24 57 36 99 49 62 99 37 56 20 43 75 69 80 48 54 58 27 29 93 96 20 97 60 83 82 58 55 61 41 23 83 26 69 84 5 98 63 100 96 83 62 5 26 100 73 71 56 76 74 99 63 40 72 32 86 62 42 25 79 57 4 35 69 11
55 50 82 49 93 89 1 90 34 92 58 18 54 3 93 30 66 33 67 66 16 48 46 25 9 69 7 11 39 54 9 34 15 41 28 48 63 46 47 32 84 13 64 54 2 33 63 97 41 31 45 34 44 69 40 10 42 76 67 59 95 3 98 60 27 85 99 100 97 64 49 85 59 75 18 59 11 69 66 93 87 40 90 99 80 19 47 100 60 65 34 6 18 82 67 86 2 51 19 68
98 11 52 91 59 87 47 20 10 46 1 54 2 97 33 99 87 40 27 53 7 83 87 7 71 73 14 69 26 32 47 33 54 58 14 5 30 5 48 70 34 30 30 64 100 55 61 96 1 71 34 97 86 68 65 38 89 63 19 95 67 69 76 50 55 66 70 48 26 83 44 82 61 65 31 35 26 42 19 28 31 28 17 81 29 41 99 32 18 33 77 57 96 1 37 83 93 47 98 15
15 90 66 76 68 93 48 37 31 82 33 7 66 5 66 44 85 12 28 49 78 20 64 35 38 64 67 16 53 17 87 76 48 23 3 27 16 3 99 78 57 4 61 4 74 12 54 66 87 1 100 23 37 89 54 85 48 99 95 34 36 5 2 87 74 96 38 76 71 41 31 7 36 65 42 94 53 85 13 44 40 40 77 52 60 17 38 80 61 100 34 5 41 91 72 97 84 88 89 97